$ANSIBLE_VAULT;1.1;AES256
36353663303839636530356163646462633165613266396362313633353837363437386166666430
3361373862623235343131623837303162333963376233620a303163353064326639313365613331
31313431303664316561653362343066613562653831626661663537663837303834306364366663
3838666336633363310a613965663639326230326439623635643564343763396533633438646238
38626135373132396439363336343335306335333938353662393133353566656465663838343937
62313531306130663639383965316164633439663834333131383965663933323332623136626636
62333936326365633031303166303063303361393764346537333035303933323465333464306133
66656664666162393863306236653239636135663763326439626534633435343962376235363837
36306564633533666663313334386636333864666365376561353964636565653733646636386233
33323036643461623136663064373432373161363034633936316130316361353332396435626435
64323364653137613336363137303336663866333737323761653863653264303663626264336261
62336234646532353833393732376430353638393964323631376330373836346231336461626533
36366665346539393037383433653164383061646530333831666531376331633064623266393532
30663039613066353766323333656138383263363066396631396364653132663866356563373735
31636633383961666231313038636161663035373632396135323163313635633764333536633237
30656133373865626266646134623362343231326534313634653464613135306335313964323563
38666238316262636165326663363131393065303961363065343065663932626538646364316637
38373036333965326532373635636337323237313234616639323035613764653063323563616263
62363665346564623361316663386434323233643063623366383633353266656534613533373932
35393439393165663938626262326637663636646136616364646337356534303363376337626234
37643136306361636534313631333362666362313663626538626564333163306431663230376139
30353363363137353864643763353537636131646537323262656566383334363237646466393566
33663965323266366130396335613232363035626165666163346337393064353166363830383539
62343966613561386533333563323562376633373235656535613539656432666336393063653537
6235
