$ANSIBLE_VAULT;1.1;AES256
66656335663034366564336566383237366363663430313231653736333161303935636134333365
6261316239303931383131326633613564323038626639660a313136663361383134626330333263
61643233373334386663366566633666616535396534383466633538383133323138646335366434
3165643537303838350a383365353762366662653037613134393136666666306431613366303135
36393331663563333735623831343434663666643236633535333162366263353731316330346564
36656330346532356561383638333561353564316238613631376361646562393431313634343831
32333338326334346664316362393737353363363937343639316134373565663464646666663533
34393363613931393965616539643264316333393830306534633635393764623437366533306463
37656463323565363531303134303863303934613533383739356461666338653436666436336639
36353935643362373166386336373338626166616332323238336336396534343031396634333362
61393134626561366435633736323531386165333233373532623463633838373965333065666530
37346139343839663364366130396330626137313733356231396534623366333366633033626131
33393232633632616237383861313136616663333131383630666462323935303564663638633830
63353434333963306263373531376137393630656536623434343838323831623631643362313236
32656536316230323062646465323265346162663633303766303738306134323331346136343238
65383130646262303538663731323363653732613966316132393534386638306336613163376533
63353336313338663765343265363463626364303166623931306430313432643363356536323739
34363533353764386462353463613462303235313235306265333231353764333734356132663736
38376563396435323134666538366366336637373732356463656438663966383661383338306161
35306139383837636661316362623761623331666131336232633038656130633430646336356136
63393030623831353964386262613733333665333537616262636338343764393537316236633865
64663736393064346236613266313166303362336261393863313737643234666561383438663938
34373262623839346665346334303937613065656438646330353966613231646439303932646238
65646338663237653838363865363732643734653130366263656561373734376463353136663034
34353161643439363637383230653837303438306362656137646431376533366338653939633838
38353832346236363334356435323539333133353534393062663038353736613531633532663864
66313734356638313065656331383564333863343466653330613139303430653231616239346364
38393636613763613630333764613930633735646562366263663464326664303238616561363166
37613163393065323239613364393964613037343839393664333034313966613438333530613161
65653161363934306163393838326263343763366163316639316236376264303638623231393634
61303437646431653163656331393963343331643035663633363432633635666439653034616665
31326365343561643266616637633635653435373135643134336463663565663534663139393933
62376134363866613830376430363736323731393736616131333662346662613165363763663231
61313666366539396461396430343839323361303438376639333738376530363637363933323934
32376333343561363164393238303235656439333137373536326538376332343531373066633439
66346336643539316235313838353636636466663031303034616133366338393030323932656530
38613064363831326161353562616433376538313466623664353963313237636433656662393034
33343561636237346336326438316539383764633136336434613739336531383962663966633631
65306538306439633761613265353036326565303530646130323638643631663137643465316634
37393433616332646266336633323462623866633832643933636638613137623434363536393865
33626434393664313335393133616662316134316133643231303634656663663734613339643631
39313065633135323536303039646633613636646135303035366665353966613031396564376633
37333562653231353837393964376466663763386637346165393835623731643336636262613435
35363230336339326262646236633236333464346331323866353862383130343264333530663166
32353663383162316238383032303236643766626632373836383134383365326538633635333461
34326133646462303537326333653466323934633662306438343366346535353762346631643762
64353038636466326633306336623831613566343062353364346266613836346133363735663963
65323631333062393265613965346161383537663661633238366564633136353230346261346537
38636537343637363866323938346531333538343466323536316339353737363764326363363839
39613265616534626433356538346262366536356530633964643334363130363361303632396339
38373831396233353139656234343638626164653930623330386639643832326638643431646565
31646534323733303837613032326336623433656538626164306535643837313431663330643266
31383736666430313933323933383361373138663933666130373163663936653266393838666365
31663138626438343263333231366630326463623862643530636438333666636233613130303563
30666463373966316133343430343165313066666634643231326639366166323935373736313664
64356230626263323032636664376137323539333930323265366263656236356638666430353730
38316362366634313162383063303933613935303561366236336662363533616363636139373135
62366434376461643330373437303563666631613439633863663939396538386665383264363964
31393638373563356230313864366539386537326538366266393235633339373332666235313166
61343462343865336436306566633662373638373631393762613531353131383833623666633739
32393735626433353532663536656338323664656162303362346335373361393134653861366631
39356634623237356434393335303864636234323631313439353764353963663863623430343766
31373264373834643535386665393564613636623135383935363539646637376232633633323263
65646233653465626539623831393232366438323039396665663235343035353063343635303734
31643661323831386137623430616463636238616631633664373237333461353965313164653436
61333734666131366661656661323363376537343336386334393636393139616264666564316630
34326233653961316633636266643265663761663539373562623662646338336235643832346665
61303962366235343235396430616638373332373233653035663234313631653362616262363163
38373932333836333033643630653465666333386537653933633832636461343061663533353463
62626465346461373662393566663539653432636133333966346534366535393931353864386464
37663465626433303261343739353063303437623866313163393533396337643165333631383535
66616164333763356636396361386661363362353135316636643262363836643631313233323462
34303433633331663639376263663837353934616638353131366539393831613364663837353733
38353037653939616530646339303332343934663433646632363833326464656630303039313864
38353566356161653130306438666632623763646538653065383062383830326665626662303732
32343138656161636638666636306636643733326536333431353632636263333366636235643533
38346239633037663730643163633137656437616534656431336438323536376263373732373331
31316532643733626166656236363363356364383836663366393939613832336339633032666565
63393031366165346330376235393230653932663234316335626136333837356633393039333238
66616463366233643164343939373533323838616663663339653462343161363461353064326634
63643864623562313937343532323663336262643831393663353435386234303962396233363962
36393566326139323238643330636663626561386439343338623337323364643639306337646339
39653038306135383564333063393639373830336136643864626462376665356233656330623239
30313334303330383736316165646134646134333563386566646236623065326465363031396238
34633734323437316532363036616436636438623964333563666535323931663366396663303036
33343534306337343837333839326539376133613836383264663566323063643537323662383638
39333735363531386666393135396136356138333537383432666161323537613464303739656131
34303837653635373538396562633663353039333239633464373061343364336535313236306661
64653837633366633434663063643131653333303465393138333437303533646637373264356266
65636337383134363963633361303539613965663366663961363163623531643239306534623839
38363035383165653239373064383639353064393065656331356231626339303262343339303862
32326337616630356161636233373939396533626361346361616566313563343436393338306232
65343133343433363734323738643737343263623138303630336433656431343036653065646263
30626332393331326433313563613462326533373331323863333138373939333530313665323036
65653861353532376466353663633061343235373764306265363865623664353365383461333535
65373632343333663166643630336432306266396635363161353861356661633333666461653361
31383061336361393537663930306464616536653530663465343037326338376632636438663338
33376565323630626636333733336434656161393761306538353630613735303330336130666462
66346462343138623330653561393132363434626335656434663263613061353563626230313135
34666564653534353935613933316335666563303733383734313262636465396535356466333635
34663137343635663136643039313363386631633239353733633731383432636465653037336165
37306361396336343262643530313461626263623936313934303430643435373633363362343937
31623161343763313365313138376432383065363038316235313935353162666636353536333534
37643561376634333733646132343536313735623163316136613564653962336166663732656337
61356466353461343532393135316366383366633636666136373133666639646634626562613363
37353833396238323036623037343465393432343165633462633638643337303766663465623432
34393330613639656634333236616432373830326435386539656430653139323766613466623561
37303631303631386535643139613130303762653833366265643530383635643233326531386333
64373835336666393137383132653166333463653836336463643839613635303137663839343261
37666163323865343964313139333363306133343761313462396131343134643933373930653763
35633032343161363864633236643737343933616664316430363238663730333832633335343539
32643336386562366639373236353134313636663935643939356634353433373137326130613061
63626563353335366539313038303036663939333461323733636632363036636131376165343566
31623939343033343434653030633765666365353033383731666532306365356435363666663239
37333433643161343335306538386163613637396264653936306162343461396361633535623432
37316138623130353332666639623636326561376536666535393165336331653363313866633163
39363939373934356538336663633766323732353338363861343835623565393766333239366262
62376162316438346165653137363633616132326263653038633961653238663936363632333633
31393336323234373862396137316465663035393363626464663963376230636331313530643463
66353330613661613266623865663731343166346235393562373935633339363966373638373535
36383665316134656338373065643839616366376339616666363266613535663264343637303932
39376162663031366565623861643962313836616331643434626665646636636263653961373030
38363066636164383733366335363831326233616438643165356438336663663563613434663965
31323533646461333333383534343335396431313434353762633862396230303165636564636135
63313163366639303434643061303433313835383430393135313836386439643963656332393731
66336633386535373863613033643532353761623935396261633039353237353031386134383331
37616331653666303765646564623463626638656262396530656435363336626434306663623734
33303261613430306135323061323763633836383061396537343562643064306562363035343038
31343563376463326132643434363433633931663231663639343261323161373534353631303764
36646265643261396434393263323937356533636331376631653930393262383837303963633533
37343638626133326231333737316638653566303734613731653034333938323330313334323539
30633437316533313431383664353761326330393335653233306233376166643965646434313162
66626666303066613832656136336130633866656365323662643464633239383164626539653463
6434336261643236306234343431653139383238643063393931
